image: map_mainRoom.pgm
resolution: 0.015000
origin: [-18.295000, -12.525000, 0.000000]
negate: 0
occupied_thresh: 0.65
free_thresh: 0.196

